0.00245901639344262 2.401650618982118
0.01885245901639343 2.5082530949105912
0.03442622950819671 2.5839064649243464
0.04836065573770491 2.656121045392022
0.06229508196721312 2.7283356258596974
0.07950819672131149 2.7902338376891334
0.09262295081967215 2.8177441540577712
0.10491803278688525 2.7902338376891334
0.11557377049180328 2.7524071526822556
0.1262295081967213 2.7077028885832184
0.13278688524590165 2.656121045392022
0.13852459016393442 2.594222833562586
0.14672131147540982 2.5357634112792296
0.15327868852459017 2.4773039889958732
0.16065573770491803 2.4119669876203575
0.1680327868852459 2.3431911966987617
0.1762295081967213 2.257221458046767
0.18278688524590164 2.1884456671251717
0.19098360655737706 2.105914718019257
0.1983606557377049 2.013067400275103
0.2073770491803279 1.9270976616231084
0.21475409836065573 1.8308115543328747
0.22213114754098362 1.7276478679504812
0.2319672131147541 1.624484181568088
0.2426229508196721 1.5075653370013753
0.2540983606557377 1.4009628610729021
0.2655737704918033 1.2806052269601098
0.2819672131147541 1.139614855570839
0.29918032786885246 1.0192572214580466
0.3163934426229508 0.8988995873452543
0.33196721311475413 0.8301237964236585
0.34918032786885245 0.757909215955983
0.36803278688524593 0.696011004126547
0.3909836065573771 0.6341127922971115
0.41721311475409834 0.5997248968363134
0.4459016393442623 0.5687757909215954
0.4737704918032787 0.5584594222833559
0.49918032786885247 0.5378266850068774
0.5327868852459017 0.5275103163686379
0.5622950819672131 0.5240715268225582
0.5901639344262295 0.5171939477303988
0.6229508196721312 0.5068775790921594
0.6532786885245903 0.5034387895460797
0.6852459016393443 0.5068775790921594
0.719672131147541 0.5034387895460797
0.7549180327868853 0.5
0.7950819672131147 0.5
0.8336065573770493 0.5
0.8745901639344262 0.4965612104539199
0.9122950819672131 0.5034387895460797
0.9426229508196722 0.5034387895460797
0.9696721311475411 0.5
0.9991803278688525 0.4965612104539199
